#redshift 	 LCOprime 
0.0	0.0
0.00501	4693603.21492
0.01001	18827146.9755
0.01502	42478712.5081
0.02002	75725025.5106
0.02503	118641461.847
0.03003	171302053.469
0.03504	233779494.561
0.04004	306145147.9
0.04505	388469051.427
0.05005	480819925.031
0.05506	583265177.528
0.06006	695870913.841
0.06507	818701942.37
0.07007	951821782.55
0.07508	1095292672.59
0.08008	1249175577.38
0.08509	1413530196.58
0.09009	1588414972.89
0.0951	1773887100.42
0.1001	1970002533.28
0.10511	2176815994.31
0.11011	2394380983.9
0.11512	2622749789.02
0.12012	2861973492.35
0.12513	3112101981.53
0.13013	3373183958.55
0.13514	3645266949.24
0.14014	3928397312.91
0.14515	4222620252.07
0.15015	4527979822.25
0.15516	4844518941.93
0.16016	5172279402.54
0.16517	5511301878.61
0.17017	5861625937.92
0.17518	6223290051.79
0.18018	6596331605.42
0.18519	6980786908.31
0.19019	7376691204.7
0.1952	7784078684.16
0.2002	8202982492.14
0.20521	8633434740.63
0.21021	9075466518.84
0.21522	9529107903.93
0.22022	9994387971.8
0.22523	10471334807.9
0.23023	10959975517.9
0.23524	11460336238.8
0.24024	11972442149.6
0.24525	12496317482.5
0.25025	13031985533.3
0.25526	13579468672.7
0.26026	14138788357.1
0.26527	14709965139.6
0.27027	15293018680.9
0.27528	15887967760.1
0.28028	16494830285.8
0.28529	17113623306.6
0.29029	17744363022.7
0.2953	18387064796.1
0.3003	19041743161.7
0.30531	19708411838.1
0.31031	20387083738.5
0.31532	21077770981.3
0.32032	21780484900.8
0.32533	22495236058.2
0.33033	23222034251.7
0.33534	23960888528.0
0.34034	24711807191.8
0.34535	25474797817.1
0.35035	26249867257.6
0.35536	27037021656.6
0.36036	27836266458.1
0.36537	28647606416.7
0.37037	29471045607.8
0.37538	30306587438.1
0.38038	31154234655.6
0.38539	32013989359.7
0.39039	32885853011.2
0.3954	33769826442.4
0.4004	34665909866.7
0.40541	35574102888.7
0.41041	36494404514.0
0.41542	37426813158.6
0.42042	38371326658.7
0.42543	39327942280.3
0.43043	40296656728.4
0.43544	41277466156.8
0.44044	42270366176.9
0.44545	43275351867.7
0.45045	44292417783.8
0.45546	45321557965.8
0.46046	46362765948.2
0.46547	47416034769.0
0.47047	48481356978.2
0.47548	49558724646.8
0.48048	50648129375.0
0.48549	51749562301.3
0.49049	52863014111.0
0.4955	53988475044.1
0.5005	55125934904.0
0.50551	56275383065.7
0.51051	57436808484.2
0.51552	58610199701.9
0.52052	59795544857.2
0.52553	60992831692.3
0.53053	62202047560.7
0.53554	63423179435.3
0.54054	64656213915.7
0.54555	65901137236.2
0.55055	67157935272.5
0.55556	68426593550.1
0.56056	69707097250.7
0.56557	70999431219.9
0.57057	72303579973.9
0.57558	73619527707.2
0.58058	74947258298.7
0.58559	76286755319.3
0.59059	77638002038.1
0.5956	79000981429.6
0.6006	80375676179.8
0.60561	81762068693.0
0.61061	83160141098.1
0.61562	84569875255.2
0.62062	85991252761.4
0.62563	87424254957.5
0.63063	88868862933.5
0.63564	90325057535.2
0.64064	91792819369.8
0.64565	93272128811.6
0.65065	94762966008.3
0.65566	96265310885.9
0.66066	97779143155.2
0.66567	99304442316.4
0.67067	100841187665.0
0.67568	102389358298.0
0.68068	103948933117.0
0.68569	105519890836.0
0.69069	107102209985.0
0.6957	108695868913.0
0.7007	110300845799.0
0.70571	111917118652.0
0.71071	113544665314.0
0.71572	115183463472.0
0.72072	116833490657.0
0.72573	118494724248.0
0.73073	120167141482.0
0.73574	121850719452.0
0.74074	123545435116.0
0.74575	125251265300.0
0.75075	126968186700.0
0.75576	128696175891.0
0.76076	130435209327.0
0.76577	132185263344.0
0.77077	133946314171.0
0.77578	135718337925.0
0.78078	137501310622.0
0.78579	139295208176.0
0.79079	141100006405.0
0.7958	142915681035.0
0.8008	144742207702.0
0.80581	146579561957.0
0.81081	148427719268.0
0.81582	150286655025.0
0.82082	152156344542.0
0.82583	154036763062.0
0.83083	155927885757.0
0.83584	157829687736.0
0.84084	159742144044.0
0.84585	161665229667.0
0.85085	163598919533.0
0.85586	165543188518.0
0.86086	167498011447.0
0.86587	169463363098.0
0.87087	171439218203.0
0.87588	173425551451.0
0.88088	175422337494.0
0.88589	177429550945.0
0.89089	179447166383.0
0.8959	181475158355.0
0.9009	183513501381.0
0.90591	185562169952.0
0.91091	187621138535.0
0.91592	189690381574.0
0.92092	191769873496.0
0.92593	193859588708.0
0.93093	195959501603.0
0.93594	198069586561.0
0.94094	200189817950.0
0.94595	202320170129.0
0.95095	204460617453.0
0.95596	206611134269.0
0.96096	208771694922.0
0.96597	210942273758.0
0.97097	213122845121.0
0.97598	215313383361.0
0.98098	217513862829.0
0.98599	219724257886.0
0.99099	221944542899.0
0.996	224174692246.0
1.001	226414680315.0
1.00601	228664481509.0
1.01101	230924070244.0
1.01602	233193420955.0
1.02102	235472508090.0
1.02603	237761306122.0
1.03103	240059789541.0
1.03604	242367932860.0
1.04104	244685710617.0
1.04605	247013097372.0
1.05105	249350067714.0
1.05606	251696596259.0
1.06106	254052657651.0
1.06607	256418226565.0
1.07107	258793277706.0
1.07608	261177785813.0
1.08108	263571725658.0
1.08609	265975072048.0
1.09109	268387799825.0
1.0961	270809883869.0
1.1011	273241299097.0
1.10611	275682020467.0
1.11111	278132022974.0
1.11612	280591281656.0
1.12112	283059771593.0
1.12613	285537467908.0
1.13113	288024345765.0
1.13614	290520380378.0
1.14114	293025547000.0
1.14615	295539820936.0
1.15115	298063177535.0
1.15616	300595592195.0
1.16116	303137040362.0
1.16617	305687497532.0
1.17117	308246939251.0
1.17618	310815341117.0
1.18118	313392678777.0
1.18619	315978927933.0
1.19119	318574064338.0
1.1962	321178063800.0
1.2012	323790902179.0
1.20621	326412555393.0
1.21121	329042999411.0
1.21622	331682210262.0
1.22122	334330164030.0
1.22623	336986836854.0
1.23123	339652204933.0
1.23624	342326244523.0
1.24124	345008931938.0
1.24625	347700243551.0
1.25125	350400155796.0
1.25626	353108645165.0
1.26126	355825688209.0
1.26627	358551261542.0
1.27127	361285341839.0
1.27628	364027905834.0
1.28128	366778930326.0
1.28629	369538392172.0
1.29129	372306268294.0
1.2963	375082535678.0
1.3013	377867171369.0
1.30631	380660152479.0
1.31131	383461456182.0
1.31632	386271059715.0
1.32132	389088940382.0
1.32633	391915075548.0
1.33133	394749442645.0
1.33634	397592019169.0
1.34134	400442782680.0
1.34635	403301710806.0
1.35135	406168781239.0
1.35636	409043971735.0
1.36136	411927260118.0
1.36637	414818624277.0
1.37137	417718042169.0
1.37638	420625491814.0
1.38138	423540951301.0
1.38639	426464398786.0
1.39139	429395812489.0
1.3964	432335170699.0
1.4014	435282451771.0
1.40641	438237634128.0
1.41141	441200696259.0
1.41642	444171616720.0
1.42142	447150374137.0
1.42643	450136947199.0
1.43143	453131314665.0
1.43644	456133455363.0
1.44144	459143348184.0
1.44645	462160972090.0
1.45145	465186306110.0
1.45646	468219329341.0
1.46146	471260020944.0
1.46647	474308360154.0
1.47147	477364326267.0
1.47648	480427898651.0
1.48148	483499056741.0
1.48649	486577780037.0
1.49149	489664048110.0
1.4965	492757840595.0
1.5015	495859137199.0
1.50651	498967917693.0
1.51151	502084161916.0
1.51652	505207849775.0
1.52152	508338961244.0
1.52653	511477476365.0
1.53153	514623375247.0
1.53654	517776638065.0
1.54154	520937245063.0
1.54655	524105176551.0
1.55155	527280412906.0
1.55656	530462934571.0
1.56156	533652722058.0
1.56657	536849755945.0
1.57157	540054016875.0
1.57658	543265485559.0
1.58158	546484142774.0
1.58659	549709969364.0
1.59159	552942946238.0
1.5966	556183054373.0
1.6016	559430274809.0
1.60661	562684588656.0
1.61161	565945977085.0
1.61662	569214421338.0
1.62162	572489902717.0
1.62663	575772402594.0
1.63163	579061902403.0
1.63664	582358383645.0
1.64164	585661827886.0
1.64665	588972216756.0
1.65165	592289531950.0
1.65666	595613755227.0
1.66166	598944868412.0
1.66667	602282853394.0
1.67167	605627692124.0
1.67668	608979366620.0
1.68168	612337858961.0
1.68669	615703151292.0
1.69169	619075225820.0
1.6967	622454064817.0
1.7017	625839650615.0
1.70671	629231965613.0
1.71171	632630992270.0
1.71672	636036713110.0
1.72172	639449110717.0
1.72673	642868167738.0
1.73173	646293866885.0
1.73674	649726190928.0
1.74174	653165122701.0
1.74675	656610645100.0
1.75175	660062741081.0
1.75676	663521393663.0
1.76176	666986585925.0
1.76677	670458301007.0
1.77177	673936522109.0
1.77678	677421232495.0
1.78178	680912415485.0
1.78679	684410054461.0
1.79179	687914132867.0
1.7968	691424634204.0
1.8018	694941542034.0
1.80681	698464839978.0
1.81181	701994511717.0
1.81682	705530540989.0
1.82182	709072911594.0
1.82683	712621607390.0
1.83183	716176612290.0
1.83684	719737910270.0
1.84184	723305485362.0
1.84685	726879321656.0
1.85185	730459403299.0
1.85686	734045714497.0
1.86186	737638239513.0
1.86687	741236962667.0
1.87187	744841868335.0
1.87688	748452940950.0
1.88188	752070165004.0
1.88689	755693525043.0
1.89189	759323005669.0
1.8969	762958591541.0
1.9019	766600267373.0
1.90691	770248017936.0
1.91191	773901828054.0
1.91692	777561682609.0
1.92192	781227566535.0
1.92693	784899464824.0
1.93193	788577362519.0
1.93694	792261244721.0
1.94194	795951096582.0
1.94695	799646903311.0
1.95195	803348650167.0
1.95696	807056322467.0
1.96196	810769905578.0
1.96697	814489384921.0
1.97197	818214745971.0
1.97698	821945974255.0
1.98198	825683055352.0
1.98699	829425974895.0
1.99199	833174718567.0
1.997	836929272106.0
2.002	840689621298.0
2.00701	844455751984.0
2.01201	848227650054.0
2.01702	852005301452.0
2.02202	855788692169.0
2.02703	859577808250.0
2.03203	863372635789.0
2.03704	867173160932.0
2.04204	870979369873.0
2.04705	874791248857.0
2.05205	878608784181.0
2.05706	882431962187.0
2.06206	886260769271.0
2.06707	890095191875.0
2.07207	893935216492.0
2.07708	897780829662.0
2.08208	901632017976.0
2.08709	905488768071.0
2.09209	909351066635.0
2.0971	913218900401.0
2.1021	917092256151.0
2.10711	920971120717.0
2.11211	924855480975.0
2.11712	928745323850.0
2.12212	932640636313.0
2.12713	936541405385.0
2.13213	940447618129.0
2.13714	944359261659.0
2.14214	948276323132.0
2.14715	952198789753.0
2.15215	956126648773.0
2.15716	960059887487.0
2.16216	963998493238.0
2.16717	967942453412.0
2.17217	971891755442.0
2.17718	975846386806.0
2.18218	979806335025.0
2.18719	983771587666.0
2.19219	987742132342.0
2.1972	991717956707.0
2.2022	995699048462.0
2.20721	999685395349.0
2.21221	1.00367698516e+12
2.21722	1.00767380572e+12
2.22222	1.0116758449e+12
2.22723	1.01568309063e+12
2.23223	1.01969553086e+12
2.23724	1.0237131536e+12
2.24224	1.02773594689e+12
2.24725	1.03176389883e+12
2.25225	1.03579699753e+12
2.25726	1.03983523118e+12
2.26226	1.043878588e+12
2.26727	1.04792705622e+12
2.27227	1.05198062417e+12
2.27728	1.05603928017e+12
2.28228	1.0601030126e+12
2.28729	1.06417180989e+12
2.29229	1.0682456605e+12
2.2973	1.07232455294e+12
2.3023	1.07640847574e+12
2.30731	1.08049741749e+12
2.31231	1.08459136683e+12
2.31732	1.0886903124e+12
2.32232	1.09279424292e+12
2.32733	1.09690314713e+12
2.33233	1.10101701382e+12
2.33734	1.1051358318e+12
2.34234	1.10925958994e+12
2.34735	1.11338827715e+12
2.35235	1.11752188236e+12
2.35736	1.12166039454e+12
2.36236	1.12580380273e+12
2.36737	1.12995209597e+12
2.37237	1.13410526336e+12
2.37738	1.13826329403e+12
2.38238	1.14242617715e+12
2.38739	1.14659390193e+12
2.39239	1.15076645762e+12
2.3974	1.15494383349e+12
2.4024	1.15912601886e+12
2.40741	1.16331300311e+12
2.41241	1.1675047756e+12
2.41742	1.17170132579e+12
2.42242	1.17590264314e+12
2.42743	1.18010871714e+12
2.43243	1.18431953734e+12
2.43744	1.18853509332e+12
2.44244	1.19275537469e+12
2.44745	1.1969803711e+12
2.45245	1.20121007223e+12
2.45746	1.20544446779e+12
2.46246	1.20968354755e+12
2.46747	1.2139273013e+12
2.47247	1.21817571886e+12
2.47748	1.22242879009e+12
2.48248	1.22668650488e+12
2.48749	1.23094885316e+12
2.49249	1.23521582491e+12
2.4975	1.23948741011e+12
2.5025	1.2437635988e+12
2.50751	1.24804438104e+12
2.51251	1.25232974694e+12
2.51752	1.25661968663e+12
2.52252	1.26091419028e+12
2.52753	1.26521324808e+12
2.53253	1.26951685028e+12
2.53754	1.27382498714e+12
2.54254	1.27813764897e+12
2.54755	1.28245482609e+12
2.55255	1.28677650887e+12
2.55756	1.29110268771e+12
2.56256	1.29543335304e+12
2.56757	1.29976849533e+12
2.57257	1.30410810507e+12
2.57758	1.30845217279e+12
2.58258	1.31280068906e+12
2.58759	1.31715364445e+12
2.59259	1.3215110296e+12
2.5976	1.32587283517e+12
2.6026	1.33023905182e+12
2.60761	1.3346096703e+12
2.61261	1.33898468134e+12
2.61762	1.34336407572e+12
2.62262	1.34774784425e+12
2.62763	1.35213597779e+12
2.63263	1.35652846718e+12
2.63764	1.36092530335e+12
2.64264	1.36532647722e+12
2.64765	1.36973197976e+12
2.65265	1.37414180195e+12
2.65766	1.37855593483e+12
2.66266	1.38297436944e+12
2.66767	1.38739709687e+12
2.67267	1.39182410822e+12
2.67768	1.39625539465e+12
2.68268	1.40069094731e+12
2.68769	1.40513075742e+12
2.69269	1.4095748162e+12
2.6977	1.4140231149e+12
2.7027	1.41847564482e+12
2.70771	1.42293239727e+12
2.71271	1.4273933636e+12
2.71772	1.43185853517e+12
2.72272	1.43632790338e+12
2.72773	1.44080145968e+12
2.73273	1.4452791955e+12
2.73774	1.44976110235e+12
2.74274	1.45424717173e+12
2.74775	1.45873739518e+12
2.75275	1.46323176427e+12
2.75776	1.4677302706e+12
2.76276	1.47223290579e+12
2.76777	1.47673966149e+12
2.77277	1.48125052938e+12
2.77778	1.48576550116e+12
2.78278	1.49028456857e+12
2.78779	1.49480772335e+12
2.79279	1.49933495731e+12
2.7978	1.50386626225e+12
2.8028	1.50840163e+12
2.80781	1.51294105244e+12
2.81281	1.51748452145e+12
2.81782	1.52203202896e+12
2.82282	1.52658356689e+12
2.82783	1.53113912723e+12
2.83283	1.53569870197e+12
2.83784	1.54026228313e+12
2.84284	1.54482986274e+12
2.84785	1.5494014329e+12
2.85285	1.55397698569e+12
2.85786	1.55855651323e+12
2.86286	1.56314000768e+12
2.86787	1.5677274612e+12
2.87287	1.57231886599e+12
2.87788	1.57691421428e+12
2.88288	1.58151349831e+12
2.88789	1.58611671035e+12
2.89289	1.59072384271e+12
2.8979	1.59533488769e+12
2.9029	1.59994983765e+12
2.90791	1.60456868496e+12
2.91291	1.609191422e+12
2.91792	1.6138180412e+12
2.92292	1.618448535e+12
2.92793	1.62308289586e+12
2.93293	1.62772111627e+12
2.93794	1.63236318875e+12
2.94294	1.63700910583e+12
2.94795	1.64165886007e+12
2.95295	1.64631244405e+12
2.95796	1.65096985038e+12
2.96296	1.6556310717e+12
2.96797	1.66029610064e+12
2.97297	1.6649649299e+12
2.97798	1.66963755216e+12
2.98298	1.67431396014e+12
2.98799	1.6789941466e+12
2.99299	1.6836781043e+12
2.998	1.68836582602e+12
3.003	1.69305730458e+12
3.00801	1.69775253281e+12
3.01301	1.70245150357e+12
3.01802	1.70715420973e+12
3.02302	1.7118606442e+12
3.02803	1.7165707999e+12
3.03303	1.72128466977e+12
3.03804	1.72600224678e+12
3.04304	1.73072352391e+12
3.04805	1.73544849418e+12
3.05305	1.74017715061e+12
3.05806	1.74490948625e+12
3.06306	1.74964549419e+12
3.06807	1.7543851675e+12
3.07307	1.75912849932e+12
3.07808	1.76387548277e+12
3.08308	1.76862611102e+12
3.08809	1.77338037724e+12
3.09309	1.77813827463e+12
3.0981	1.78289979641e+12
3.1031	1.78766493582e+12
3.10811	1.79243368613e+12
3.11311	1.79720604061e+12
3.11812	1.80198199258e+12
3.12312	1.80676153534e+12
3.12813	1.81154466224e+12
3.13313	1.81633136665e+12
3.13814	1.82112164194e+12
3.14314	1.82591548153e+12
3.14815	1.83071287883e+12
3.15315	1.83551382729e+12
3.15816	1.84031832037e+12
3.16316	1.84512635155e+12
3.16817	1.84993791434e+12
3.17317	1.85475300224e+12
3.17818	1.85957160881e+12
3.18318	1.86439372761e+12
3.18819	1.86921935221e+12
3.19319	1.87404847621e+12
3.1982	1.87888109324e+12
3.2032	1.88371719692e+12
3.20821	1.88855678091e+12
3.21321	1.89339983888e+12
3.21822	1.89824636454e+12
3.22322	1.90309635159e+12
3.22823	1.90794979376e+12
3.23323	1.9128066848e+12
3.23824	1.91766701848e+12
3.24324	1.92253078859e+12
3.24825	1.92739798892e+12
3.25325	1.93226861331e+12
3.25826	1.9371426556e+12
3.26326	1.94202010963e+12
3.26827	1.9469009693e+12
3.27327	1.95178522849e+12
3.27828	1.95667288112e+12
3.28328	1.96156392112e+12
3.28829	1.96645834244e+12
3.29329	1.97135613905e+12
3.2983	1.97625730492e+12
3.3033	1.98116183407e+12
3.30831	1.98606972051e+12
3.31331	1.99098095828e+12
3.31832	1.99589554143e+12
3.32332	2.00081346403e+12
3.32833	2.00573472018e+12
3.33333	2.01065930397e+12
3.33834	2.01558720954e+12
3.34334	2.02051843102e+12
3.34835	2.02545296256e+12
3.35335	2.03039079835e+12
3.35836	2.03533193258e+12
3.36336	2.04027635944e+12
3.36837	2.04522407318e+12
3.37337	2.05017506801e+12
3.37838	2.05512933822e+12
3.38338	2.06008687806e+12
3.38839	2.06504768183e+12
3.39339	2.07001174383e+12
3.3984	2.07497905839e+12
3.4034	2.07994961986e+12
3.40841	2.08492342257e+12
3.41341	2.08990046091e+12
3.41842	2.09488072927e+12
3.42342	2.09986422204e+12
3.42843	2.10485093365e+12
3.43343	2.10984085854e+12
3.43844	2.11483399114e+12
3.44344	2.11983032594e+12
3.44845	2.12482985742e+12
3.45345	2.12983258007e+12
3.45846	2.13483848841e+12
3.46346	2.13984757696e+12
3.46847	2.14485984028e+12
3.47347	2.14987527292e+12
3.47848	2.15489386946e+12
3.48348	2.15991562449e+12
3.48849	2.16494053262e+12
3.49349	2.16996858847e+12
3.4985	2.17499978667e+12
3.5035	2.18003412189e+12
3.50851	2.18507158877e+12
3.51351	2.19011218201e+12
3.51852	2.19515589631e+12
3.52352	2.20020272637e+12
3.52853	2.20525266692e+12
3.53353	2.2103057127e+12
3.53854	2.21536185847e+12
3.54354	2.22042109899e+12
3.54855	2.22548342906e+12
3.55355	2.23054884347e+12
3.55856	2.23561733703e+12
3.56356	2.24068890458e+12
3.56857	2.24576354095e+12
3.57357	2.250841241e+12
3.57858	2.25592199961e+12
3.58358	2.26100581165e+12
3.58859	2.26609267204e+12
3.59359	2.27118257567e+12
3.5986	2.27627551748e+12
3.6036	2.28137149241e+12
3.60861	2.28647049541e+12
3.61361	2.29157252145e+12
3.61862	2.29667756553e+12
3.62362	2.30178562262e+12
3.62863	2.30689668774e+12
3.63363	2.31201075592e+12
3.63864	2.3171278222e+12
3.64364	2.32224788162e+12
3.64865	2.32737092924e+12
3.65365	2.33249696016e+12
3.65866	2.33762596945e+12
3.66366	2.34275795223e+12
3.66867	2.3478929036e+12
3.67367	2.35303081871e+12
3.67868	2.35817169269e+12
3.68368	2.36331552071e+12
3.68869	2.36846229793e+12
3.69369	2.37361201953e+12
3.6987	2.37876468072e+12
3.7037	2.38392027671e+12
3.70871	2.38907880271e+12
3.71371	2.39424025397e+12
3.71872	2.39940462572e+12
3.72372	2.40457191323e+12
3.72873	2.40974211178e+12
3.73373	2.41491521665e+12
3.73874	2.42009122314e+12
3.74374	2.42527012656e+12
3.74875	2.43045192223e+12
3.75375	2.4356366055e+12
3.75876	2.44082417171e+12
3.76376	2.44601461621e+12
3.76877	2.4512079344e+12
3.77377	2.45640412164e+12
3.77878	2.46160317335e+12
3.78378	2.46680508492e+12
3.78879	2.47200985179e+12
3.79379	2.47721746939e+12
3.7988	2.48242793316e+12
3.8038	2.48764123856e+12
3.80881	2.49285738107e+12
3.81381	2.49807635616e+12
3.81882	2.50329815934e+12
3.82382	2.5085227861e+12
3.82883	2.51375023197e+12
3.83383	2.51898049248e+12
3.83884	2.52421356316e+12
3.84384	2.52944943958e+12
3.84885	2.53468811729e+12
3.85385	2.53992959188e+12
3.85886	2.54517385893e+12
3.86386	2.55042091405e+12
3.86887	2.55567075284e+12
3.87387	2.56092337092e+12
3.87888	2.56617876394e+12
3.88388	2.57143692753e+12
3.88889	2.57669785736e+12
3.89389	2.58196154908e+12
3.8989	2.58722799839e+12
3.9039	2.59249720097e+12
3.90891	2.59776915253e+12
3.91391	2.60304384877e+12
3.91892	2.60832128542e+12
3.92392	2.61360145822e+12
3.92893	2.61888436291e+12
3.93393	2.62416999525e+12
3.93894	2.62945835101e+12
3.94394	2.63474942596e+12
3.94895	2.6400432159e+12
3.95395	2.64533971662e+12
3.95896	2.65063892394e+12
3.96396	2.65594083368e+12
3.96897	2.66124544167e+12
3.97397	2.66655274376e+12
3.97898	2.67186273579e+12
3.98398	2.67717541364e+12
3.98899	2.68249077318e+12
3.99399	2.68780881029e+12
3.999	2.69312952087e+12
4.004	2.69845290083e+12
4.00901	2.70377894608e+12
4.01401	2.70910765255e+12
4.01902	2.71443901619e+12
4.02402	2.71977303292e+12
4.02903	2.72510969873e+12
4.03403	2.73044900956e+12
4.03904	2.73579096141e+12
4.04404	2.74113555025e+12
4.04905	2.7464827721e+12
4.05405	2.75183262295e+12
4.05906	2.75718509883e+12
4.06406	2.76254019576e+12
4.06907	2.76789790979e+12
4.07407	2.77325823696e+12
4.07908	2.77862117334e+12
4.08408	2.78398671498e+12
4.08909	2.78935485797e+12
4.09409	2.7947255984e+12
4.0991	2.80009893236e+12
4.1041	2.80547485597e+12
4.10911	2.81085336533e+12
4.11411	2.81623445659e+12
4.11912	2.82161812586e+12
4.12412	2.82700436931e+12
4.12913	2.83239318308e+12
4.13413	2.83778456334e+12
4.13914	2.84317850627e+12
4.14414	2.84857500805e+12
4.14915	2.85397406487e+12
4.15415	2.85937567294e+12
4.15916	2.86477982847e+12
4.16416	2.87018652768e+12
4.16917	2.8755957668e+12
4.17417	2.88100754208e+12
4.17918	2.88642184976e+12
4.18418	2.8918386861e+12
4.18919	2.89725804737e+12
4.19419	2.90267992985e+12
4.1992	2.90810432982e+12
4.2042	2.91353124358e+12
4.20921	2.91896066744e+12
4.21421	2.9243925977e+12
4.21922	2.92982703069e+12
4.22422	2.93526396275e+12
4.22923	2.9407033902e+12
4.23423	2.94614530941e+12
4.23924	2.95158971673e+12
4.24424	2.95703660852e+12
4.24925	2.96248598116e+12
4.25425	2.96793783105e+12
4.25926	2.97339215456e+12
4.26426	2.9788489481e+12
4.26927	2.98430820809e+12
4.27427	2.98976993095e+12
4.27928	2.99523411309e+12
4.28428	3.00070075096e+12
4.28929	3.006169841e+12
4.29429	3.01164137968e+12
4.2993	3.01711536344e+12
4.3043	3.02259178876e+12
4.30931	3.02807065212e+12
4.31431	3.03355195001e+12
4.31932	3.03903567893e+12
4.32432	3.04452183537e+12
4.32933	3.05001041586e+12
4.33433	3.05550141691e+12
4.33934	3.06099483505e+12
4.34434	3.06649066682e+12
4.34935	3.07198890877e+12
4.35435	3.07748955745e+12
4.35936	3.08299260942e+12
4.36436	3.08849806126e+12
4.36937	3.09400590955e+12
4.37437	3.09951615086e+12
4.37938	3.1050287818e+12
4.38438	3.11054379896e+12
4.38939	3.11606119897e+12
4.39439	3.12158097844e+12
4.3994	3.12710313399e+12
4.4044	3.13262766227e+12
4.40941	3.1381545599e+12
4.41441	3.14368382356e+12
4.41942	3.14921544989e+12
4.42442	3.15474943555e+12
4.42943	3.16028577724e+12
4.43443	3.16582447162e+12
4.43944	3.17136551539e+12
4.44444	3.17690890524e+12
4.44945	3.18245463789e+12
4.45445	3.18800271004e+12
4.45946	3.19355311841e+12
4.46446	3.19910585974e+12
4.46947	3.20466093076e+12
4.47447	3.21021832821e+12
4.47948	3.21577804885e+12
4.48448	3.22134008943e+12
4.48949	3.22690444672e+12
4.49449	3.23247111749e+12
4.4995	3.23804009853e+12
4.5045	3.24361138663e+12
4.50951	3.24918497857e+12
4.51451	3.25476087117e+12
4.51952	3.26033906124e+12
4.52452	3.26591954558e+12
4.52953	3.27150232104e+12
4.53453	3.27708738445e+12
4.53954	3.28267473263e+12
4.54454	3.28826436244e+12
4.54955	3.29385627075e+12
4.55455	3.29945045439e+12
4.55956	3.30504691026e+12
4.56456	3.31064563522e+12
4.56957	3.31624662615e+12
4.57457	3.32184987996e+12
4.57958	3.32745539353e+12
4.58458	3.33306316377e+12
4.58959	3.33867318759e+12
4.59459	3.34428546191e+12
4.5996	3.34989998366e+12
4.6046	3.35551674978e+12
4.60961	3.36113575719e+12
4.61461	3.36675700285e+12
4.61962	3.37238048371e+12
4.62462	3.37800619673e+12
4.62963	3.38363413888e+12
4.63463	3.38926430714e+12
4.63964	3.39489669848e+12
4.64464	3.4005313099e+12
4.64965	3.40616813838e+12
4.65465	3.41180718094e+12
4.65966	3.41744843457e+12
4.66466	3.4230918963e+12
4.66967	3.42873756314e+12
4.67467	3.43438543213e+12
4.67968	3.4400355003e+12
4.68468	3.44568776469e+12
4.68969	3.45134222235e+12
4.69469	3.45699887034e+12
4.6997	3.46265770571e+12
4.7047	3.46831872554e+12
4.70971	3.4739819269e+12
4.71471	3.47964730687e+12
4.71972	3.48531486254e+12
4.72472	3.49098459101e+12
4.72973	3.49665648937e+12
4.73473	3.50233055473e+12
4.73974	3.50800678421e+12
4.74474	3.51368517492e+12
4.74975	3.519365724e+12
4.75475	3.52504842858e+12
4.75976	3.53073328578e+12
4.76476	3.53642029277e+12
4.76977	3.54210944669e+12
4.77477	3.5478007447e+12
4.77978	3.55349418397e+12
4.78478	3.55918976166e+12
4.78979	3.56488747496e+12
4.79479	3.57058732103e+12
4.7998	3.57628929709e+12
4.8048	3.58199340031e+12
4.80981	3.58769962791e+12
4.81481	3.59340797708e+12
4.81982	3.59911844505e+12
4.82482	3.60483102903e+12
4.82983	3.61054572626e+12
4.83483	3.61626253395e+12
4.83984	3.62198144935e+12
4.84484	3.62770246971e+12
4.84985	3.63342559227e+12
4.85485	3.63915081429e+12
4.85986	3.64487813303e+12
4.86486	3.65060754577e+12
4.86987	3.65633904976e+12
4.87487	3.66207264231e+12
4.87988	3.66780832068e+12
4.88488	3.67354608217e+12
4.88989	3.67928592409e+12
4.89489	3.68502784372e+12
4.8999	3.69077183839e+12
4.9049	3.69651790541e+12
4.90991	3.70226604209e+12
4.91491	3.70801624577e+12
4.91992	3.71376851378e+12
4.92492	3.71952284345e+12
4.92993	3.72527923213e+12
4.93493	3.73103767716e+12
4.93994	3.73679817592e+12
4.94494	3.74256072574e+12
4.94995	3.74832532401e+12
4.95495	3.75409196809e+12
4.95996	3.75986065536e+12
4.96496	3.76563138321e+12
4.96997	3.77140414902e+12
4.97497	3.77717895019e+12
4.97998	3.78295578411e+12
4.98498	3.7887346482e+12
4.98999	3.79451553987e+12
4.99499	3.80029845652e+12
5.0	3.8060833956e+12
