#redshift 	 LCOprime 
0.0	0.0
0.00501	6387462.28497
0.01001	25621614.2979
0.01502	57808715.7426
0.02002	103053181.603
0.02503	161457589.89
0.03003	233122689.706
0.03504	318147409.599
0.04004	416628866.224
0.04505	528662373.287
0.05005	654341450.772
0.05506	793757834.44
0.06006	947001485.604
0.06507	1114160601.16
0.07007	1295321623.85
0.07508	1490569252.83
0.08008	1699986454.42
0.08509	1923654473.1
0.09009	2161652842.74
0.0951	2414059398.05
0.1001	2680950286.26
0.10511	2962399978.92
0.11011	3258481284.03
0.11512	3569265358.23
0.12012	3894821719.25
0.12513	4235218258.51
0.13013	4590521253.91
0.13514	4960795382.72
0.14014	5346103734.72
0.14515	5746507825.4
0.15015	6162067609.34
0.15516	6592841493.72
0.16016	7038886351.97
0.16517	7500257537.49
0.17017	7977008897.57
0.17518	8469192787.3
0.18018	8976860083.72
0.18519	9500060199.91
0.19019	10038841099.3
0.1952	10593249310.1
0.2002	11163329939.4
0.20521	11749126688.0
0.21021	12350681864.9
0.21522	12968036401.6
0.22022	13601229867.1
0.22523	14250300482.6
0.23023	14915285135.7
0.23524	15596219396.1
0.24024	16293137529.6
0.24525	17006072513.1
0.25025	17735056049.8
0.25526	18480118583.7
0.26026	19241289314.6
0.26527	20018596212.8
0.27027	20812066034.3
0.27528	21621724335.4
0.28028	22447595487.5
0.28529	23289702692.1
0.29029	24148067995.7
0.2953	25022712304.1
0.3003	25913655397.8
0.30531	26820915946.3
0.31031	27744511522.9
0.31532	28684458619.4
0.32032	29640772660.6
0.32533	30613468018.8
0.33033	31602558028.7
0.33534	32608055001.4
0.34034	33629970238.9
0.34535	34668314048.6
0.35035	35723095757.3
0.35536	36794323725.7
0.36036	37882005362.2
0.36537	38986147137.4
0.37037	40106754597.4
0.37538	41243832378.4
0.38038	42397384220.2
0.38539	43567412979.6
0.39039	44753920644.7
0.3954	45956908348.2
0.4004	47176376380.5
0.40541	48412324203.5
0.41041	49664750463.9
0.41542	50933653006.1
0.42042	52219028885.5
0.42543	53520874381.1
0.43043	54839185009.2
0.43544	56173955535.3
0.44044	57525179987.3
0.44545	58892851667.8
0.45045	60276963166.6
0.45546	61677506373.5
0.46046	63094472489.7
0.46547	64527852040.7
0.47047	65977634887.9
0.47548	67443810240.8
0.48048	68926366668.3
0.48549	70425292111.0
0.49049	71940573892.3
0.4955	73472198730.2
0.5005	75020152748.2
0.50551	76584421487.1
0.51051	78164989915.6
0.51552	79761842441.3
0.52052	81374962922.0
0.52553	83004334676.1
0.53053	84649940493.3
0.53554	86311762645.0
0.54054	87989782895.0
0.54555	89683982509.4
0.55055	91394342267.0
0.55556	93120842469.4
0.56056	94863462950.7
0.56557	96622183087.4
0.57057	98396981807.9
0.57558	100187837602.0
0.58058	101994728532.0
0.58559	103817632240.0
0.59059	105656525955.0
0.5956	107511386509.0
0.6006	109382190338.0
0.60561	111268913499.0
0.61061	113171531669.0
0.61562	115090020162.0
0.62062	117024353935.0
0.62563	118974507593.0
0.63063	120940455404.0
0.63564	122922171299.0
0.64064	124919628888.0
0.64565	126932801463.0
0.65065	128961662005.0
0.65566	131006183199.0
0.66066	133066337430.0
0.66567	135142096803.0
0.67067	137233433141.0
0.67568	139340317996.0
0.68068	141462722656.0
0.68569	143600618154.0
0.69069	145753975270.0
0.6957	147922764542.0
0.7007	150106956273.0
0.70571	152306520534.0
0.71071	154521427173.0
0.71572	156751645824.0
0.72072	158997145907.0
0.72573	161257896641.0
0.73073	163533867045.0
0.73574	165825025947.0
0.74074	168131341988.0
0.74575	170452783632.0
0.75075	172789319166.0
0.75576	175140916708.0
0.76076	177507544216.0
0.76577	179889169488.0
0.77077	182285760172.0
0.77578	184697283767.0
0.78078	187123707633.0
0.78579	189564998991.0
0.79079	192021124934.0
0.7958	194492052426.0
0.8008	196977748311.0
0.80581	199478179317.0
0.81081	201993312058.0
0.81582	204523113043.0
0.82082	207067548678.0
0.82583	209626585270.0
0.83083	212200189033.0
0.83584	214788326090.0
0.84084	217390962483.0
0.84585	220008064168.0
0.85085	222639597028.0
0.85586	225285526870.0
0.86086	227945819435.0
0.86587	230620440397.0
0.87087	233309355370.0
0.87588	236012529910.0
0.88088	238729929518.0
0.88589	241461519648.0
0.89089	244207265704.0
0.8959	246967133048.0
0.9009	249741087003.0
0.90591	252529092855.0
0.91091	255331115857.0
0.91592	258147121230.0
0.92092	260977074171.0
0.92593	263820939852.0
0.93093	266678683425.0
0.93594	269550270022.0
0.94094	272435664763.0
0.94595	275334832753.0
0.95095	278247739091.0
0.95596	281174348868.0
0.96096	284114627169.0
0.96597	287068539082.0
0.97097	290036049692.0
0.97598	293017124092.0
0.98098	296011727379.0
0.98599	299019824658.0
0.99099	302041381048.0
0.996	305076361678.0
1.001	308124731694.0
1.00601	311186456262.0
1.01101	314261500565.0
1.01602	317349829810.0
1.02102	320451409227.0
1.02603	323566204074.0
1.03103	326694179635.0
1.03604	329835301227.0
1.04104	332989534196.0
1.04605	336156843924.0
1.05105	339337195828.0
1.05606	342530555363.0
1.06106	345736888024.0
1.06607	348956159344.0
1.07107	352188334902.0
1.07608	355433380319.0
1.08108	358691261263.0
1.08609	361961943449.0
1.09109	365245392640.0
1.0961	368541574650.0
1.1011	371850455346.0
1.10611	375172000645.0
1.11111	378506176521.0
1.11612	381852949004.0
1.12112	385212284178.0
1.12613	388584148189.0
1.13113	391968507240.0
1.13614	395365327597.0
1.14114	398774575586.0
1.14615	402196217596.0
1.15115	405630220082.0
1.15616	409076549562.0
1.16116	412535172623.0
1.16617	416006055916.0
1.17117	419489166163.0
1.17618	422984470154.0
1.18118	426491934749.0
1.18619	430011526881.0
1.19119	433543213551.0
1.1962	437086961838.0
1.2012	440642738891.0
1.20621	444210511933.0
1.21121	447790248267.0
1.21622	451381915266.0
1.22122	454985480383.0
1.22623	458600911149.0
1.23123	462228175172.0
1.23624	465867240140.0
1.24124	469518073817.0
1.24625	473180644052.0
1.25125	476854918772.0
1.25626	480540865985.0
1.26126	484238453782.0
1.26627	487947650336.0
1.27127	491668423904.0
1.27628	495400742825.0
1.28128	499144575522.0
1.28629	502899890503.0
1.29129	506666656361.0
1.2963	510444841775.0
1.3013	514234415508.0
1.30631	518035346410.0
1.31131	521847603418.0
1.31632	525671155556.0
1.32132	529505971934.0
1.32633	533352021751.0
1.33133	537209274293.0
1.33634	541077698936.0
1.34134	544957265141.0
1.34635	548847942462.0
1.35135	552749700539.0
1.35636	556662509103.0
1.36136	560586337974.0
1.36637	564521157062.0
1.37137	568466936366.0
1.37638	572423645978.0
1.38138	576391256078.0
1.38639	580369736937.0
1.39139	584359058916.0
1.3964	588359192470.0
1.4014	592370108142.0
1.40641	596391776567.0
1.41141	600424168472.0
1.41642	604467254675.0
1.42142	608521006086.0
1.42643	612585393705.0
1.43143	616660388625.0
1.43644	620745962032.0
1.44144	624842085202.0
1.44645	628948729502.0
1.45145	633065866395.0
1.45646	637193467430.0
1.46146	641331504254.0
1.46647	645479948603.0
1.47147	649638772304.0
1.47648	653807947278.0
1.48148	657987445537.0
1.48649	662177239186.0
1.49149	666377300421.0
1.4965	670587601530.0
1.5015	674808114894.0
1.50651	679038812983.0
1.51151	683279668363.0
1.51652	687530653688.0
1.52152	691791741706.0
1.52653	696062905256.0
1.53153	700344117267.0
1.53654	704635350762.0
1.54154	708936578853.0
1.54655	713247774745.0
1.55155	717568911733.0
1.55656	721899963205.0
1.56156	726240902636.0
1.56657	730591703596.0
1.57157	734952339744.0
1.57658	739322784828.0
1.58158	743703012689.0
1.58659	748092997257.0
1.59159	752492712552.0
1.5966	756902132684.0
1.6016	761321231854.0
1.60661	765749984351.0
1.61161	770188364554.0
1.61662	774636346933.0
1.62162	779093906044.0
1.62663	783561016535.0
1.63163	788037653141.0
1.63664	792523790687.0
1.64164	797019404085.0
1.64665	801524468337.0
1.65165	806038958531.0
1.65666	810562849844.0
1.66166	815096117542.0
1.66667	819638736975.0
1.67167	824190683585.0
1.67668	828751932896.0
1.68168	833322460523.0
1.68669	837902242166.0
1.69169	842491253611.0
1.6967	847089470730.0
1.7017	851696869483.0
1.70671	856313425915.0
1.71171	860939116154.0
1.71672	865573916417.0
1.72172	870217803004.0
1.72673	874870752301.0
1.73173	879532740776.0
1.73674	884203744986.0
1.74174	888883741568.0
1.74675	893572707244.0
1.75175	898270618822.0
1.75676	902977453191.0
1.76176	907693187322.0
1.76677	912417798273.0
1.77177	917151263182.0
1.77678	921893559269.0
1.78178	926644663838.0
1.78679	931404554273.0
1.79179	936173208042.0
1.7968	940950602693.0
1.8018	945736715855.0
1.80681	950531525238.0
1.81181	955335008633.0
1.81682	960147143913.0
1.82182	964967909027.0
1.82683	969797282009.0
1.83183	974635240968.0
1.83684	979481764096.0
1.84184	984336829662.0
1.84685	989200416014.0
1.85185	994072501579.0
1.85686	998953064864.0
1.86186	1.00384208445e+12
1.86687	1.008739539e+12
1.87187	1.01364540725e+12
1.87688	1.01855966802e+12
1.88188	1.0234823002e+12
1.88689	1.02841328276e+12
1.89189	1.03335259474e+12
1.8969	1.03830021527e+12
1.9019	1.04325612355e+12
1.90691	1.04822029885e+12
1.91191	1.05319272052e+12
1.91692	1.05817336798e+12
1.92192	1.06316222074e+12
1.92693	1.06815925835e+12
1.93193	1.07316446049e+12
1.93694	1.07817780685e+12
1.94194	1.08319927725e+12
1.94695	1.08822885155e+12
1.95195	1.09326650969e+12
1.95696	1.09831223168e+12
1.96196	1.10336599762e+12
1.96697	1.10842778767e+12
1.97197	1.11349758205e+12
1.97698	1.11857536107e+12
1.98198	1.1236611051e+12
1.98699	1.12875479461e+12
1.99199	1.13385641009e+12
1.997	1.13896593214e+12
2.002	1.14408334142e+12
2.00701	1.14920861865e+12
2.01201	1.15434174465e+12
2.01702	1.15948270027e+12
2.02202	1.16463146645e+12
2.02703	1.16978802421e+12
2.03203	1.17495235461e+12
2.03704	1.18012443881e+12
2.04204	1.18530425801e+12
2.04705	1.1904917935e+12
2.05205	1.19568702662e+12
2.05706	1.2008899388e+12
2.06206	1.20610051152e+12
2.06707	1.21131872632e+12
2.07207	1.21654456482e+12
2.07708	1.22177800872e+12
2.08208	1.22701903975e+12
2.08709	1.23226763974e+12
2.09209	1.23752379056e+12
2.0971	1.24278747417e+12
2.1021	1.24805867258e+12
2.10711	1.25333736785e+12
2.11211	1.25862354214e+12
2.11712	1.26391717766e+12
2.12212	1.26921825666e+12
2.12713	1.27452676149e+12
2.13213	1.27984267454e+12
2.13714	1.28516597827e+12
2.14214	1.29049665521e+12
2.14715	1.29583468795e+12
2.15215	1.30118005912e+12
2.15716	1.30653275146e+12
2.16216	1.31189274772e+12
2.16717	1.31726003075e+12
2.17217	1.32263458343e+12
2.17718	1.32801638874e+12
2.18218	1.33340542968e+12
2.18719	1.33880168934e+12
2.19219	1.34420515087e+12
2.1972	1.34961579745e+12
2.2022	1.35503361235e+12
2.20721	1.36045857889e+12
2.21221	1.36589068045e+12
2.21722	1.37132990047e+12
2.22222	1.37677622245e+12
2.22723	1.38222962995e+12
2.23223	1.38769010657e+12
2.23724	1.39315763601e+12
2.24224	1.39863220198e+12
2.24725	1.40411378827e+12
2.25225	1.40960237874e+12
2.25726	1.41509795729e+12
2.26226	1.42060050788e+12
2.26727	1.42611001453e+12
2.27227	1.43162646131e+12
2.27728	1.43714983236e+12
2.28228	1.44268011187e+12
2.28729	1.44821728407e+12
2.29229	1.45376133326e+12
2.2973	1.45931224381e+12
2.3023	1.46487000012e+12
2.30731	1.47043458665e+12
2.31231	1.47600598793e+12
2.31732	1.48158418853e+12
2.32232	1.48716917308e+12
2.32733	1.49276092625e+12
2.33233	1.49835943279e+12
2.33734	1.50396467749e+12
2.34234	1.50957664518e+12
2.34735	1.51519532077e+12
2.35235	1.52082068921e+12
2.35736	1.52645273549e+12
2.36236	1.53209144466e+12
2.36737	1.53773680185e+12
2.37237	1.54338879219e+12
2.37738	1.54904740091e+12
2.38238	1.55471261327e+12
2.38739	1.56038441458e+12
2.39239	1.5660627902e+12
2.3974	1.57174772555e+12
2.4024	1.57743920609e+12
2.40741	1.58313721734e+12
2.41241	1.58884174487e+12
2.41742	1.59455277429e+12
2.42242	1.60027029127e+12
2.42743	1.60599428152e+12
2.43243	1.61172473082e+12
2.43744	1.61746162497e+12
2.44244	1.62320494984e+12
2.44745	1.62895469134e+12
2.45245	1.63471083544e+12
2.45746	1.64047336813e+12
2.46246	1.64624227549e+12
2.46747	1.6520175436e+12
2.47247	1.65779915864e+12
2.47748	1.66358710679e+12
2.48248	1.66938137431e+12
2.48749	1.67518194749e+12
2.49249	1.68098881267e+12
2.4975	1.68680195624e+12
2.5025	1.69262136464e+12
2.50751	1.69844702435e+12
2.51251	1.7042789219e+12
2.51752	1.71011704385e+12
2.52252	1.71596137683e+12
2.52753	1.72181190751e+12
2.53253	1.72766862259e+12
2.53754	1.73353150884e+12
2.54254	1.73940055304e+12
2.54755	1.74527574205e+12
2.55255	1.75115706275e+12
2.55756	1.75704450209e+12
2.56256	1.76293804703e+12
2.56757	1.7688376846e+12
2.57257	1.77474340187e+12
2.57758	1.78065518594e+12
2.58258	1.78657302398e+12
2.58759	1.79249690317e+12
2.59259	1.79842681076e+12
2.5976	1.80436273402e+12
2.6026	1.81030466029e+12
2.60761	1.81625257693e+12
2.61261	1.82220647135e+12
2.61762	1.82816633101e+12
2.62262	1.8341321434e+12
2.62763	1.84010389604e+12
2.63263	1.84608157654e+12
2.63764	1.85206517249e+12
2.64264	1.85805467156e+12
2.64765	1.86405006146e+12
2.65265	1.87005132992e+12
2.65766	1.87605846473e+12
2.66266	1.88207145372e+12
2.66767	1.88809028474e+12
2.67267	1.89411494571e+12
2.67768	1.90014542456e+12
2.68268	1.90618170928e+12
2.68769	1.91222378789e+12
2.69269	1.91827164846e+12
2.6977	1.9243252791e+12
2.7027	1.93038466794e+12
2.70771	1.93644980316e+12
2.71271	1.94252067299e+12
2.71772	1.94859726568e+12
2.72272	1.95467956954e+12
2.72773	1.96076757289e+12
2.73273	1.96686126411e+12
2.73774	1.97296063162e+12
2.74274	1.97906566386e+12
2.74775	1.98517634933e+12
2.75275	1.99129267654e+12
2.75776	1.99741463407e+12
2.76276	2.0035422105e+12
2.76777	2.00967539448e+12
2.77277	2.01581417469e+12
2.77778	2.02195853983e+12
2.78278	2.02810847865e+12
2.78779	2.03426397993e+12
2.79279	2.0404250325e+12
2.7978	2.04659162522e+12
2.8028	2.05276374697e+12
2.80781	2.05894138668e+12
2.81281	2.06512453332e+12
2.81782	2.07131317589e+12
2.82282	2.07750730343e+12
2.82783	2.083706905e+12
2.83283	2.08991196971e+12
2.83784	2.0961224867e+12
2.84284	2.10233844514e+12
2.84785	2.10855983426e+12
2.85285	2.11478664329e+12
2.85786	2.1210188615e+12
2.86286	2.12725647823e+12
2.86787	2.1334994828e+12
2.87287	2.13974786461e+12
2.87788	2.14600161307e+12
2.88288	2.15226071763e+12
2.88789	2.15852516777e+12
2.89289	2.16479495301e+12
2.8979	2.17107006289e+12
2.9029	2.17735048701e+12
2.90791	2.18363621497e+12
2.91291	2.18992723642e+12
2.91792	2.19622354105e+12
2.92292	2.20252511857e+12
2.92793	2.20883195872e+12
2.93293	2.21514405129e+12
2.93794	2.22146138608e+12
2.94294	2.22778395293e+12
2.94795	2.23411174173e+12
2.95295	2.24044474237e+12
2.95796	2.2467829448e+12
2.96296	2.25312633899e+12
2.96797	2.25947491493e+12
2.97297	2.26582866266e+12
2.97798	2.27218757224e+12
2.98298	2.27855163377e+12
2.98799	2.28492083737e+12
2.99299	2.29129517319e+12
2.998	2.29767463143e+12
3.003	2.3040592023e+12
3.00801	2.31044887605e+12
3.01301	2.31684364295e+12
3.01802	2.32324349332e+12
3.02302	2.32964841749e+12
3.02803	2.33605840583e+12
3.03303	2.34247344874e+12
3.03804	2.34889353664e+12
3.04304	2.35531865999e+12
3.04805	2.36174880928e+12
3.05305	2.36818397502e+12
3.05806	2.37462414775e+12
3.06306	2.38106931806e+12
3.06807	2.38751947653e+12
3.07307	2.39397461381e+12
3.07808	2.40043472056e+12
3.08308	2.40689978745e+12
3.08809	2.41336980521e+12
3.09309	2.41984476458e+12
3.0981	2.42632465634e+12
3.1031	2.43280947129e+12
3.10811	2.43929920026e+12
3.11311	2.4457938341e+12
3.11812	2.4522933637e+12
3.12312	2.45879777997e+12
3.12813	2.46530707385e+12
3.13313	2.47182123631e+12
3.13814	2.47834025835e+12
3.14314	2.48486413098e+12
3.14815	2.49139284527e+12
3.15315	2.49792639227e+12
3.15816	2.5044647631e+12
3.16316	2.51100794888e+12
3.16817	2.51755594077e+12
3.17317	2.52410872996e+12
3.17818	2.53066630766e+12
3.18318	2.53722866509e+12
3.18819	2.54379579353e+12
3.19319	2.55036768425e+12
3.1982	2.55694432858e+12
3.2032	2.56352571786e+12
3.20821	2.57011184344e+12
3.21321	2.57670269673e+12
3.21822	2.58329826913e+12
3.22322	2.5898985521e+12
3.22823	2.59650353709e+12
3.23323	2.60311321561e+12
3.23824	2.60972757918e+12
3.24324	2.61634661932e+12
3.24825	2.62297032763e+12
3.25325	2.62959869568e+12
3.25826	2.63623171509e+12
3.26326	2.64286937752e+12
3.26827	2.64951167462e+12
3.27327	2.65615859809e+12
3.27828	2.66281013965e+12
3.28328	2.66946629104e+12
3.28829	2.67612704401e+12
3.29329	2.68279239037e+12
3.2983	2.68946232193e+12
3.3033	2.69613683051e+12
3.30831	2.70281590799e+12
3.31331	2.70949954625e+12
3.31832	2.71618773719e+12
3.32332	2.72288047275e+12
3.32833	2.72957774489e+12
3.33333	2.73627954558e+12
3.33834	2.74298586682e+12
3.34334	2.74969670065e+12
3.34835	2.7564120391e+12
3.35335	2.76313187425e+12
3.35836	2.7698561982e+12
3.36336	2.77658500306e+12
3.36837	2.78331828097e+12
3.37337	2.7900560241e+12
3.37838	2.79679822463e+12
3.38338	2.80354487476e+12
3.38839	2.81029596673e+12
3.39339	2.81705149279e+12
3.3984	2.82381144522e+12
3.4034	2.8305758163e+12
3.40841	2.83734459837e+12
3.41341	2.84411778375e+12
3.41842	2.85089536482e+12
3.42342	2.85767733395e+12
3.42843	2.86446368356e+12
3.43343	2.87125440607e+12
3.43844	2.87804949393e+12
3.44344	2.88484893961e+12
3.44845	2.8916527356e+12
3.45345	2.89846087442e+12
3.45846	2.9052733486e+12
3.46346	2.91209015069e+12
3.46847	2.91891127328e+12
3.47347	2.92573670896e+12
3.47848	2.93256645034e+12
3.48348	2.93940049008e+12
3.48849	2.94623882082e+12
3.49349	2.95308143525e+12
3.4985	2.95992832608e+12
3.5035	2.96677948601e+12
3.50851	2.9736349078e+12
3.51351	2.9804945842e+12
3.51852	2.98735850801e+12
3.52352	2.99422667201e+12
3.52853	3.00109906905e+12
3.53353	3.00797569195e+12
3.53854	3.01485653358e+12
3.54354	3.02174158682e+12
3.54855	3.02863084458e+12
3.55355	3.03552429978e+12
3.55856	3.04242194537e+12
3.56356	3.04932377429e+12
3.56857	3.05622977954e+12
3.57357	3.06313995411e+12
3.57858	3.07005429103e+12
3.58358	3.07697278333e+12
3.58859	3.08389542407e+12
3.59359	3.09082220633e+12
3.5986	3.0977531232e+12
3.6036	3.10468816781e+12
3.60861	3.11162733328e+12
3.61361	3.11857061277e+12
3.61862	3.12551799946e+12
3.62362	3.13246948652e+12
3.62863	3.13942506717e+12
3.63363	3.14638473465e+12
3.63864	3.15334848219e+12
3.64364	3.16031630306e+12
3.64865	3.16728819054e+12
3.65365	3.17426413794e+12
3.65866	3.18124413857e+12
3.66366	3.18822818578e+12
3.66867	3.19521627291e+12
3.67367	3.20220839335e+12
3.67868	3.20920454048e+12
3.68368	3.21620470772e+12
3.68869	3.22320888849e+12
3.69369	3.23021707624e+12
3.6987	3.23722926443e+12
3.7037	3.24424544654e+12
3.70871	3.25126561607e+12
3.71371	3.25828976654e+12
3.71872	3.26531789148e+12
3.72372	3.27234998443e+12
3.72873	3.27938603898e+12
3.73373	3.2864260487e+12
3.73874	3.29347000719e+12
3.74374	3.30051790808e+12
3.74875	3.307569745e+12
3.75375	3.3146255116e+12
3.75876	3.32168520157e+12
3.76376	3.32874880857e+12
3.76877	3.33581632632e+12
3.77377	3.34288774854e+12
3.77878	3.34996306896e+12
3.78378	3.35704228134e+12
3.78879	3.36412537945e+12
3.79379	3.37121235708e+12
3.7988	3.37830320803e+12
3.8038	3.38539792613e+12
3.80881	3.39249650519e+12
3.81381	3.39959893909e+12
3.81882	3.40670522169e+12
3.82382	3.41381534687e+12
3.82883	3.42092930854e+12
3.83383	3.4280471006e+12
3.83884	3.435168717e+12
3.84384	3.44229415169e+12
3.84885	3.44942339862e+12
3.85385	3.45655645178e+12
3.85886	3.46369330517e+12
3.86386	3.47083395279e+12
3.86887	3.47797838868e+12
3.87387	3.48512660688e+12
3.87888	3.49227860145e+12
3.88388	3.49943436645e+12
3.88889	3.50659389599e+12
3.89389	3.51375718416e+12
3.8989	3.52092422509e+12
3.9039	3.52809501291e+12
3.90891	3.53526954177e+12
3.91391	3.54244780584e+12
3.91892	3.54962979929e+12
3.92392	3.55681551633e+12
3.92893	3.56400495117e+12
3.93393	3.57119809803e+12
3.93894	3.57839495115e+12
3.94394	3.58559550479e+12
3.94895	3.59279975321e+12
3.95395	3.60000769071e+12
3.95896	3.60721931158e+12
3.96396	3.61443461013e+12
3.96897	3.6216535807e+12
3.97397	3.62887621763e+12
3.97898	3.63610251528e+12
3.98398	3.64333246801e+12
3.98899	3.65056607022e+12
3.99399	3.6578033163e+12
3.999	3.66504420067e+12
4.004	3.67228871777e+12
4.00901	3.67953686202e+12
4.01401	3.6867886279e+12
4.01902	3.69404400986e+12
4.02402	3.70130300241e+12
4.02903	3.70856560003e+12
4.03403	3.71583179724e+12
4.03904	3.72310158856e+12
4.04404	3.73037496855e+12
4.04905	3.73765193175e+12
4.05405	3.74493247273e+12
4.05906	3.75221658607e+12
4.06406	3.75950426638e+12
4.06907	3.76679550825e+12
4.07407	3.77409030631e+12
4.07908	3.7813886552e+12
4.08408	3.78869054957e+12
4.08909	3.79599598408e+12
4.09409	3.80330495341e+12
4.0991	3.81061745224e+12
4.1041	3.81793347528e+12
4.10911	3.82525301725e+12
4.11411	3.83257607288e+12
4.11912	3.8399026369e+12
4.12412	3.84723270408e+12
4.12913	3.85456626917e+12
4.13413	3.86190332698e+12
4.13914	3.86924387228e+12
4.14414	3.87658789988e+12
4.14915	3.88393540461e+12
4.15415	3.8912863813e+12
4.15916	3.89864082479e+12
4.16416	3.90599872995e+12
4.16917	3.91336009164e+12
4.17417	3.92072490475e+12
4.17918	3.92809316417e+12
4.18418	3.93546486481e+12
4.18919	3.94284000159e+12
4.19419	3.95021856946e+12
4.1992	3.95760056335e+12
4.2042	3.96498597822e+12
4.20921	3.97237480904e+12
4.21421	3.9797670508e+12
4.21922	3.98716269849e+12
4.22422	3.99456174712e+12
4.22923	4.00196419171e+12
4.23423	4.00937002729e+12
4.23924	4.01677924891e+12
4.24424	4.02419185162e+12
4.24925	4.03160783048e+12
4.25425	4.03902718059e+12
4.25926	4.04644989702e+12
4.26426	4.05387597489e+12
4.26927	4.06130540931e+12
4.27427	4.06873819541e+12
4.27928	4.07617432833e+12
4.28428	4.08361380321e+12
4.28929	4.09105661522e+12
4.29429	4.09850275954e+12
4.2993	4.10595223135e+12
4.3043	4.11340502584e+12
4.30931	4.12086113824e+12
4.31431	4.12832056374e+12
4.31932	4.1357832976e+12
4.32432	4.14324933505e+12
4.32933	4.15071867135e+12
4.33433	4.15819130175e+12
4.33934	4.16566722155e+12
4.34434	4.17314642603e+12
4.34935	4.18062891048e+12
4.35435	4.18811467022e+12
4.35936	4.19560370057e+12
4.36436	4.20309599687e+12
4.36937	4.21059155445e+12
4.37437	4.21809036868e+12
4.37938	4.22559243492e+12
4.38438	4.23309774855e+12
4.38939	4.24060630495e+12
4.39439	4.24811809952e+12
4.3994	4.25563312768e+12
4.4044	4.26315138484e+12
4.40941	4.27067286644e+12
4.41441	4.27819756792e+12
4.41942	4.28572548473e+12
4.42442	4.29325661234e+12
4.42943	4.30079094621e+12
4.43443	4.30832848184e+12
4.43944	4.31586921472e+12
4.44444	4.32341314036e+12
4.44945	4.33096025427e+12
4.45445	4.33851055198e+12
4.45946	4.34606402903e+12
4.46446	4.35362068097e+12
4.46947	4.36118050334e+12
4.47447	4.36874349173e+12
4.47948	4.37630964172e+12
4.48448	4.38387894888e+12
4.48949	4.39145140882e+12
4.49449	4.39902701715e+12
4.4995	4.4066057695e+12
4.5045	4.41418766148e+12
4.50951	4.42177268874e+12
4.51451	4.42936084693e+12
4.51952	4.43695213172e+12
4.52452	4.44454653876e+12
4.52953	4.45214406374e+12
4.53453	4.45974470236e+12
4.53954	4.4673484503e+12
4.54454	4.47495530329e+12
4.54955	4.48256525704e+12
4.55455	4.49017830727e+12
4.55956	4.49779444974e+12
4.56456	4.50541368019e+12
4.56957	4.51303599437e+12
4.57457	4.52066138806e+12
4.57958	4.52828985704e+12
4.58458	4.53592139709e+12
4.58959	4.54355600401e+12
4.59459	4.5511936736e+12
4.5996	4.5588344017e+12
4.6046	4.56647818411e+12
4.60961	4.57412501667e+12
4.61461	4.58177489524e+12
4.61962	4.58942781567e+12
4.62462	4.59708377381e+12
4.62963	4.60474276555e+12
4.63463	4.61240478676e+12
4.63964	4.62006983334e+12
4.64464	4.62773790119e+12
4.64965	4.63540898622e+12
4.65465	4.64308308435e+12
4.65966	4.6507601915e+12
4.66466	4.65844030362e+12
4.66967	4.66612341666e+12
4.67467	4.67380952656e+12
4.67968	4.6814986293e+12
4.68468	4.68919072085e+12
4.68969	4.69688579719e+12
4.69469	4.70458385431e+12
4.6997	4.71228488822e+12
4.7047	4.71998889493e+12
4.70971	4.72769587046e+12
4.71471	4.73540581082e+12
4.71972	4.74311871207e+12
4.72472	4.75083457025e+12
4.72973	4.75855338141e+12
4.73473	4.76627514161e+12
4.73974	4.77399984693e+12
4.74474	4.78172749344e+12
4.74975	4.78945807725e+12
4.75475	4.79719159443e+12
4.75976	4.80492804112e+12
4.76476	4.8126674134e+12
4.76977	4.82040970742e+12
4.77477	4.82815491931e+12
4.77978	4.8359030452e+12
4.78478	4.84365408124e+12
4.78979	4.8514080236e+12
4.79479	4.85916486843e+12
4.7998	4.86692461192e+12
4.8048	4.87468725025e+12
4.80981	4.88245277961e+12
4.81481	4.8902211962e+12
4.81982	4.89799249622e+12
4.82482	4.9057666759e+12
4.82983	4.91354373146e+12
4.83483	4.92132365913e+12
4.83984	4.92910645516e+12
4.84484	4.93689211578e+12
4.84985	4.94468063728e+12
4.85485	4.95247201589e+12
4.85986	4.96026624791e+12
4.86486	4.96806332962e+12
4.86987	4.97586325729e+12
4.87487	4.98366602724e+12
4.87988	4.99147163577e+12
4.88488	4.99928007919e+12
4.88989	5.00709135383e+12
4.89489	5.01490545601e+12
4.8999	5.02272238208e+12
4.9049	5.03054212837e+12
4.90991	5.03836469125e+12
4.91491	5.04619006708e+12
4.91992	5.05401825221e+12
4.92492	5.06184924305e+12
4.92993	5.06968303596e+12
4.93493	5.07751962734e+12
4.93994	5.08535901359e+12
4.94494	5.09320119112e+12
4.94995	5.10104615635e+12
4.95495	5.1088939057e+12
4.95996	5.1167444356e+12
4.96496	5.1245977425e+12
4.96997	5.13245382283e+12
4.97497	5.14031267305e+12
4.97998	5.14817428962e+12
4.98498	5.15603866902e+12
4.98999	5.16390580772e+12
4.99499	5.1717757022e+12
5.0	5.17964834896e+12
