0.03976119073307882 7.470402212663459
0.0952880134907671 7.452605254214497
0.22064547220433872 7.431592280986601
0.3460514264888884 7.4336461447764535
0.4714699536992474 7.441678809936448
0.5968956654386398 7.453142140111581
0.7223141926489988 7.461195872295676
0.8477524773142006 7.478697239301513
0.9731638199955256 7.4833411571990585
1.0985949201316934 7.4974505595898995
1.224017638317322 7.507563096425949
1.3494229938911184 7.509350568719641
1.4748169739606118 7.5056788937735295
1.6002214314682797 7.507034965021196
1.7256007431243292 7.496332473190121
1.85099831545834 7.494387822090724
1.9763701432299792 7.480124210951302
2.101759932324203 7.47446422962084
2.227147925286168 7.46795108887578
2.352526937586841 7.457161623697014
2.477884396300413 7.436135803569722
2.60324724341076 7.417723705821522
2.7285957214630394 7.392564175580119
2.8539388111185438 7.364952841642498
2.9792693278482387 7.3315501386685655
3.104601640710192 7.299136892258707
3.2299339535721456 7.26686694685927
3.355259081905065 7.231417959693938
3.4805752295766927 7.192012151001172
3.6058967656450953 7.155285137635607
3.731212913316723 7.116294195769514
3.8565290609883514 7.077515725316978
3.981845208659978 7.038948568468022
4.107159560199348 6.999787884316591
4.232466727209682 6.9576491126885545
4.35777209808776 6.914970065816774
4.4602891692319915 6.8778250207116685
